502
651
502
747
488
93
370
345
566
420
786
739
332
306
98
856
770
73
103
562
361
297
49
502
614
999
312
265
358
535
290
526
59
147
745
981
819
423
284
591
817
569
933
575
399
95
138
710
527
709
244
184
245
444
357
139
801
695
90
641
909
156
185
724
611
614
63
268
263
237
297
417
951
321
339
828
608
860
86
340
876
205
406
505
360
435
347
945
46
420
643
89
432
545
499
227
512
711
201
520105102104105108101
105102104105108101
105102104105108101
105102104105108101
105102104105108101
105102104105108101
105102104105108101
105102104105108101
105102104105108101
105102104105108101
105102104105108101
105102104105108101
105102104105108101
105102104105108101
105102104105108101
105102104105108101
105102104105108101
105102104105108101
105102104105108101
105102104105108101
105102104105108101
105102104105108101
105102104105108101








